2.000000  0.000000 3.141593 1.000000 -0.500000 1.570796 0.000000 0.000000 0.000000 0.000000 
2.000000  0.000000 3.141593 1.000000 -0.500000 1.570796 0.000000 0.000000 0.000000 0.000000 
1.980651  -0.000501 3.193351 0.980651 -0.500501 1.622555 0.000000 0.000000 0.000000 0.000000 
1.957908  -0.001679 3.193351 0.957908 -0.501679 1.622555 0.000000 0.000000 0.000000 0.000000 
1.936312  -0.002985 3.210604 0.936312 -0.502985 1.639808 0.000000 0.000000 0.000000 0.000000 
1.913592  -0.004555 3.210604 0.913592 -0.504555 1.639808 0.000000 0.000000 0.000000 0.000000 
1.888601  -0.006283 3.210604 0.888601 -0.506283 1.639808 0.000000 0.000000 0.000000 0.000000 
1.862490  -0.008314 3.227857 0.862490 -0.508314 1.657061 0.000000 0.000000 0.000000 0.000000 
1.836418  -0.010795 3.245110 0.836418 -0.510795 1.674314 0.000000 0.000000 0.000000 0.000000 
1.810393  -0.013726 3.262363 0.810393 -0.513726 1.691567 0.000000 0.000000 0.000000 0.000000 
1.782105  -0.016912 3.245110 0.782105 -0.516912 1.674314 0.000000 0.000000 0.000000 0.000000 
1.753766  -0.019609 3.227857 0.753766 -0.519609 1.657061 0.000000 0.000000 0.000000 0.000000 
1.726539  -0.021964 3.227857 0.726539 -0.521964 1.657061 0.000000 0.000000 0.000000 0.000000 
1.698200  -0.024661 3.245110 0.698200 -0.524661 1.674314 0.000000 0.000000 0.000000 0.000000 
1.673243  -0.026819 3.210604 0.673243 -0.526819 1.639808 0.000000 0.000000 0.000000 0.000000 
1.647102  -0.028400 3.193351 0.647102 -0.528400 1.622555 0.000000 0.000000 0.000000 0.000000 
1.620923  -0.029077 3.141593 0.620923 -0.529077 1.570796 0.000000 0.000000 0.000000 0.000000 
1.591323  -0.028566 3.107087 0.591323 -0.528566 1.536290 0.000000 0.000000 0.000000 0.000000 
1.564065  -0.026682 3.038075 0.564065 -0.526682 1.467279 0.000000 0.000000 0.000000 0.000000 
1.536937  -0.023390 3.003569 0.536937 -0.523390 1.432773 0.000000 0.000000 0.000000 0.000000 
1.508854  -0.018746 2.951811 0.508854 -0.518746 1.381014 0.000000 0.000000 0.000000 0.000000 
1.479882  -0.012660 2.917305 0.479882 -0.512660 1.346508 0.000000 0.000000 0.000000 0.000000 
1.452184  -0.006089 2.900052 0.452184 -0.506089 1.329255 0.000000 0.000000 0.000000 0.000000 
1.425648  0.000448 2.900052 0.425648 -0.499552 1.329255 0.000000 0.000000 0.000000 0.000000 
1.398196  0.007969 2.848293 0.398196 -0.492031 1.277497 0.000000 0.000000 0.000000 0.000000 
1.370172  0.017499 2.779281 0.370172 -0.482501 1.208485 0.000000 0.000000 0.000000 0.000000 
1.345933  0.027411 2.727523 0.345933 -0.472589 1.156726 0.000000 0.000000 0.000000 0.000000 
1.319262  0.040248 2.658511 0.319262 -0.459752 1.087715 0.000000 0.000000 0.000000 0.000000 
1.294405  0.054118 2.606752 0.294405 -0.445882 1.035956 0.000000 0.000000 0.000000 0.000000 
1.271138  0.068451 2.572246 0.271138 -0.431549 1.001450 0.000000 0.000000 0.000000 0.000000 
1.249455  0.083133 2.520488 0.249455 -0.416867 0.949691 0.000000 0.000000 0.000000 0.000000 
1.227509  0.099417 2.485982 0.227509 -0.400583 0.915186 0.000000 0.000000 0.000000 0.000000 
1.206888  0.115562 2.468729 0.206888 -0.384438 0.897933 0.000000 0.000000 0.000000 0.000000 
1.186548  0.132060 2.451476 0.186548 -0.367940 0.880680 0.000000 0.000000 0.000000 0.000000 
1.165777  0.149818 2.416970 0.165777 -0.350182 0.846174 0.000000 0.000000 0.000000 0.000000 
1.146318  0.167347 2.399717 0.146318 -0.332653 0.828921 0.000000 0.000000 0.000000 0.000000 
1.126824  0.186492 2.330706 0.126824 -0.313508 0.759909 0.000000 0.000000 0.000000 0.000000 
1.108697  0.206936 2.261694 0.108697 -0.293064 0.690898 0.000000 0.000000 0.000000 0.000000 
1.092538  0.227543 2.209935 0.092538 -0.272457 0.639139 0.000000 0.000000 0.000000 0.000000 
1.075755  0.250536 2.192682 0.075755 -0.249464 0.621886 0.000000 0.000000 0.000000 0.000000 
1.059351  0.275175 2.123671 0.059351 -0.224825 0.552874 0.000000 0.000000 0.000000 0.000000 
1.045813  0.298909 2.054659 0.045813 -0.201091 0.483863 0.000000 0.000000 0.000000 0.000000 
1.033420  0.325782 1.951142 0.033420 -0.174218 0.380345 0.000000 0.000000 0.000000 0.000000 
0.000000  0.000000 0.000000 0.000000 0.000000 0.000000 0.000000 0.000000 0.000000 0.000000 
0.000000  0.000000 0.000000 0.000000 0.000000 0.000000 0.000000 0.000000 0.000000 0.000000 
0.000000  0.000000 0.000000 0.000000 0.000000 0.000000 0.000000 0.000000 0.000000 0.000000 
0.000000  0.000000 0.000000 0.000000 0.000000 0.000000 0.000000 0.000000 0.000000 0.000000 
0.000000  0.000000 0.000000 0.000000 0.000000 0.000000 0.000000 0.000000 0.000000 0.000000 
0.999258  0.485547 1.847624 -0.000742 -0.014453 0.276828 0.000000 0.000000 0.000000 0.000000 
