2.018327  0.000000 3.000000 5.000000 0.000000 0.000000 0.000000 0.000000 0.000000 0.000000 
0.000000  3.000000 2.018327 5.000000 0.000000 0.000000 0.000000 0.000000 0.000000 0.000000 
3.000000  2.018327 0.093226 5.000000 0.000000 0.000000 0.000000 0.000000 0.000000 0.000000 
2.018327  0.093226 3.168576 5.000000 0.000000 0.000000 0.000000 0.000000 0.000000 0.000000 
0.093226  3.168576 0.000000 5.000000 0.000000 0.000000 0.000000 0.000000 0.000000 0.000000 
2.057739  0.000000 2.000000 5.000000 0.000000 0.000000 0.000000 0.000000 0.000000 0.000000 
0.000000  2.000000 2.057739 5.000000 0.000000 0.000000 0.000000 0.000000 0.000000 0.000000 
2.000000  2.057739 -0.166281 5.000000 0.000000 0.000000 0.000000 0.000000 0.000000 0.000000 
2.057739  -0.166281 3.077984 5.000000 0.000000 0.000000 0.000000 0.000000 0.000000 0.000000 
-0.166281  3.077984 0.000000 5.000000 0.000000 0.000000 0.000000 0.000000 0.000000 0.000000 
2.016013  0.000000 2.000000 2.666667 0.000000 0.000000 0.000000 0.000000 0.000000 0.000000 
0.000000  2.000000 2.016013 2.666667 0.000000 0.000000 0.000000 0.000000 0.000000 0.000000 
2.000000  2.016013 -0.893608 2.666667 0.000000 0.000000 0.000000 0.000000 0.000000 0.000000 
2.027748  0.000000 3.000000 5.000000 0.000000 0.000000 0.000000 0.000000 0.000000 0.000000 
0.000000  3.000000 2.027748 5.000000 0.000000 0.000000 0.000000 0.000000 0.000000 0.000000 
3.000000  2.027748 0.125627 5.000000 0.000000 0.000000 0.000000 0.000000 0.000000 0.000000 
2.027748  0.125627 3.184790 5.000000 0.000000 0.000000 0.000000 0.000000 0.000000 0.000000 
0.125627  3.184790 0.000000 5.000000 0.000000 0.000000 0.000000 0.000000 0.000000 0.000000 
2473901162496.000488  0.000000 2.000000 5.000000 0.000000 0.000000 0.000000 0.000000 0.000000 0.000000 
0.000000  2.000000 2.023833 5.000000 0.000000 0.000000 0.000000 0.000000 0.000000 0.000000 
2.000000  2.023833 -0.099411 5.000000 0.000000 0.000000 0.000000 0.000000 0.000000 0.000000 
2.023833  -0.099411 3.113281 5.000000 0.000000 0.000000 0.000000 0.000000 0.000000 0.000000 
-0.099411  3.113281 0.000000 5.000000 0.000000 0.000000 0.000000 0.000000 0.000000 0.000000 
1.975532  0.000000 1.000000 5.000000 0.000000 0.000000 0.000000 0.000000 0.000000 0.000000 
0.000000  1.000000 1.975532 5.000000 0.000000 0.000000 0.000000 0.000000 0.000000 0.000000 
1.000000  1.975532 0.200613 5.000000 0.000000 0.000000 0.000000 0.000000 0.000000 0.000000 
1.975532  0.200613 3.242659 5.000000 0.000000 0.000000 0.000000 0.000000 0.000000 0.000000 
0.200613  3.242659 0.000000 5.000000 0.000000 0.000000 0.000000 0.000000 0.000000 0.000000 
1.984039  0.000000 1.000000 5.000000 0.000000 0.000000 0.000000 0.000000 0.000000 0.000000 
0.000000  1.000000 1.984039 5.000000 0.000000 0.000000 0.000000 0.000000 0.000000 0.000000 
1.000000  1.984039 0.150764 5.000000 0.000000 0.000000 0.000000 0.000000 0.000000 0.000000 
1.984039  0.150764 3.217666 5.000000 0.000000 0.000000 0.000000 0.000000 0.000000 0.000000 
0.150764  3.217666 0.000000 5.000000 0.000000 0.000000 0.000000 0.000000 0.000000 0.000000 
2.004539  0.000000 2.000000 5.000000 0.000000 0.000000 0.000000 0.000000 0.000000 0.000000 
0.000000  2.000000 2.004539 5.000000 0.000000 0.000000 0.000000 0.000000 0.000000 0.000000 
2.000000  2.004539 -0.072647 5.000000 0.000000 0.000000 0.000000 0.000000 0.000000 0.000000 
2.004539  -0.072647 3.128706 5.000000 0.000000 0.000000 0.000000 0.000000 0.000000 0.000000 
-0.072647  3.128706 0.000000 5.000000 0.000000 0.000000 0.000000 0.000000 0.000000 0.000000 
1.980705  0.000000 2.000000 5.000000 0.000000 0.000000 0.000000 0.000000 0.000000 0.000000 
0.000000  2.000000 1.980705 5.000000 0.000000 0.000000 0.000000 0.000000 0.000000 0.000000 
2.000000  1.980705 -0.059187 5.000000 0.000000 0.000000 0.000000 0.000000 0.000000 0.000000 
1.980705  -0.059187 3.140563 5.000000 0.000000 0.000000 0.000000 0.000000 0.000000 0.000000 
-0.059187  3.140563 0.000000 5.000000 0.000000 0.000000 0.000000 0.000000 0.000000 0.000000 
1.953633  0.000000 1.000000 5.000000 0.000000 0.000000 0.000000 0.000000 0.000000 0.000000 
0.000000  1.000000 1.953633 5.000000 0.000000 0.000000 0.000000 0.000000 0.000000 0.000000 
1.000000  1.953633 0.000635 5.000000 0.000000 0.000000 0.000000 0.000000 0.000000 0.000000 
1.953633  0.000635 3.167107 5.000000 0.000000 0.000000 0.000000 0.000000 0.000000 0.000000 
0.000635  3.167107 0.000000 5.000000 0.000000 0.000000 0.000000 0.000000 0.000000 0.000000 
1.925805  0.000000 1.000000 5.000000 0.000000 0.000000 0.000000 0.000000 0.000000 0.000000 
0.000000  1.000000 1.925805 5.000000 0.000000 0.000000 0.000000 0.000000 0.000000 0.000000 
1.000000  1.925805 -0.167292 5.000000 0.000000 0.000000 0.000000 0.000000 0.000000 0.000000 
1.925805  -0.167292 3.091821 5.000000 0.000000 0.000000 0.000000 0.000000 0.000000 0.000000 
-0.167292  3.091821 0.000000 5.000000 0.000000 0.000000 0.000000 0.000000 0.000000 0.000000 
1.916213  0.000000 2.000000 5.000000 0.000000 0.000000 0.000000 0.000000 0.000000 0.000000 
0.000000  2.000000 1.916213 5.000000 0.000000 0.000000 0.000000 0.000000 0.000000 0.000000 
2.000000  1.916213 -0.052348 5.000000 0.000000 0.000000 0.000000 0.000000 0.000000 0.000000 
1.916213  -0.052348 3.182539 5.000000 0.000000 0.000000 0.000000 0.000000 0.000000 0.000000 
-0.052348  3.182539 0.000000 5.000000 0.000000 0.000000 0.000000 0.000000 0.000000 0.000000 
1.901057  0.000000 2.000000 5.000000 0.000000 0.000000 0.000000 0.000000 0.000000 0.000000 
0.000000  2.000000 1.901057 5.000000 0.000000 0.000000 0.000000 0.000000 0.000000 0.000000 
2.000000  1.901057 -0.082909 5.000000 0.000000 0.000000 0.000000 0.000000 0.000000 0.000000 
1.901057  -0.082909 3.184411 5.000000 0.000000 0.000000 0.000000 0.000000 0.000000 0.000000 
-0.082909  3.184411 0.000000 5.000000 0.000000 0.000000 0.000000 0.000000 0.000000 0.000000 
1.836146  0.000000 3.000000 5.000000 0.000000 0.000000 0.000000 0.000000 0.000000 0.000000 
0.000000  3.000000 1.836146 5.000000 0.000000 0.000000 0.000000 0.000000 0.000000 0.000000 
3.000000  1.836146 -0.036863 5.000000 0.000000 0.000000 0.000000 0.000000 0.000000 0.000000 
1.836146  -0.036863 3.188408 5.000000 0.000000 0.000000 0.000000 0.000000 0.000000 0.000000 
-0.036863  3.188408 0.000000 5.000000 0.000000 0.000000 0.000000 0.000000 0.000000 0.000000 
1.807594  0.000000 1.000000 5.000000 0.000000 0.000000 0.000000 0.000000 0.000000 0.000000 
0.000000  1.000000 1.807594 5.000000 0.000000 0.000000 0.000000 0.000000 0.000000 0.000000 
1.000000  1.807594 -0.180539 5.000000 0.000000 0.000000 0.000000 0.000000 0.000000 0.000000 
1.807594  -0.180539 3.141135 5.000000 0.000000 0.000000 0.000000 0.000000 0.000000 0.000000 
-0.180539  3.141135 0.000000 5.000000 0.000000 0.000000 0.000000 0.000000 0.000000 0.000000 
1.758043  0.000000 3.000000 5.000000 0.000000 0.000000 0.000000 0.000000 0.000000 0.000000 
0.000000  3.000000 1.758043 5.000000 0.000000 0.000000 0.000000 0.000000 0.000000 0.000000 
3.000000  1.758043 -0.071111 5.000000 0.000000 0.000000 0.000000 0.000000 0.000000 0.000000 
1.758043  -0.071111 3.179768 5.000000 0.000000 0.000000 0.000000 0.000000 0.000000 0.000000 
-0.071111  3.179768 0.000000 5.000000 0.000000 0.000000 0.000000 0.000000 0.000000 0.000000 
1.758125  0.000000 2.000000 5.000000 0.000000 0.000000 0.000000 0.000000 0.000000 0.000000 
0.000000  2.000000 1.758125 5.000000 0.000000 0.000000 0.000000 0.000000 0.000000 0.000000 
2.000000  1.758125 -0.028602 5.000000 0.000000 0.000000 0.000000 0.000000 0.000000 0.000000 
1.758125  -0.028602 3.243962 5.000000 0.000000 0.000000 0.000000 0.000000 0.000000 0.000000 
-0.028602  3.243962 0.000000 5.000000 0.000000 0.000000 0.000000 0.000000 0.000000 0.000000 
1.709528  0.000000 3.000000 5.000000 0.000000 0.000000 0.000000 0.000000 0.000000 0.000000 
0.000000  3.000000 1.709528 5.000000 0.000000 0.000000 0.000000 0.000000 0.000000 0.000000 
3.000000  1.709528 -0.058877 5.000000 0.000000 0.000000 0.000000 0.000000 0.000000 0.000000 
1.709528  -0.058877 3.170123 5.000000 0.000000 0.000000 0.000000 0.000000 0.000000 0.000000 
-0.058877  3.170123 0.000000 5.000000 0.000000 0.000000 0.000000 0.000000 0.000000 0.000000 
1.700374  0.000000 1.000000 5.000000 0.000000 0.000000 0.000000 0.000000 0.000000 0.000000 
0.000000  1.000000 1.700374 5.000000 0.000000 0.000000 0.000000 0.000000 0.000000 0.000000 
1.000000  1.700374 -0.116745 5.000000 0.000000 0.000000 0.000000 0.000000 0.000000 0.000000 
1.700374  -0.116745 3.156810 5.000000 0.000000 0.000000 0.000000 0.000000 0.000000 0.000000 
-0.116745  3.156810 0.000000 5.000000 0.000000 0.000000 0.000000 0.000000 0.000000 0.000000 
1.677514  0.000000 1.000000 5.000000 0.000000 0.000000 0.000000 0.000000 0.000000 0.000000 
0.000000  1.000000 1.677514 5.000000 0.000000 0.000000 0.000000 0.000000 0.000000 0.000000 
1.000000  1.677514 -0.154087 5.000000 0.000000 0.000000 0.000000 0.000000 0.000000 0.000000 
1.677514  -0.154087 3.127546 5.000000 0.000000 0.000000 0.000000 0.000000 0.000000 0.000000 
-0.154087  3.127546 0.000000 5.000000 0.000000 0.000000 0.000000 0.000000 0.000000 0.000000 
1.676044  0.000000 2.000000 5.000000 0.000000 0.000000 0.000000 0.000000 0.000000 0.000000 
0.000000  2.000000 1.676026 5.000000 0.000000 0.000000 0.000000 0.000000 0.000000 0.000000 
2.000000  1.676026 -0.077842 5.000000 0.000000 0.000000 0.000000 0.000000 0.000000 0.000000 
1.676026  -0.077842 3.188524 5.000000 0.000000 0.000000 0.000000 0.000000 0.000000 0.000000 
-0.077842  3.188524 0.000000 5.000000 0.000000 0.000000 0.000000 0.000000 0.000000 0.000000 
1.606715  0.000000 3.000000 5.000000 0.000000 0.000000 0.000000 0.000000 0.000000 0.000000 
0.000000  3.000000 1.606715 5.000000 0.000000 0.000000 0.000000 0.000000 0.000000 0.000000 
3.000000  1.606715 -0.064755 5.000000 0.000000 0.000000 0.000000 0.000000 0.000000 0.000000 
1.606715  -0.064755 3.115877 5.000000 0.000000 0.000000 0.000000 0.000000 0.000000 0.000000 
-0.064755  3.115877 0.000000 5.000000 0.000000 0.000000 0.000000 0.000000 0.000000 0.000000 
1.591830  0.000000 3.000000 5.000000 0.000000 0.000000 0.000000 0.000000 0.000000 0.000000 
0.000000  3.000000 1.591830 5.000000 0.000000 0.000000 0.000000 0.000000 0.000000 0.000000 
3.000000  1.591830 -0.031011 5.000000 0.000000 0.000000 0.000000 0.000000 0.000000 0.000000 
1.591830  -0.031011 3.107550 5.000000 0.000000 0.000000 0.000000 0.000000 0.000000 0.000000 
-0.031011  3.107550 0.000000 5.000000 0.000000 0.000000 0.000000 0.000000 0.000000 0.000000 
1.569082  0.000000 3.000000 5.000000 0.000000 0.000000 0.000000 0.000000 0.000000 0.000000 
0.000000  3.000000 1.569082 5.000000 0.000000 0.000000 0.000000 0.000000 0.000000 0.000000 
3.000000  1.569082 -0.017577 5.000000 0.000000 0.000000 0.000000 0.000000 0.000000 0.000000 
1.569082  -0.017577 3.078510 5.000000 0.000000 0.000000 0.000000 0.000000 0.000000 0.000000 
-0.017577  3.078510 0.000000 5.000000 0.000000 0.000000 0.000000 0.000000 0.000000 0.000000 
8796093022208.001953  0.000000 2.000000 5.000000 0.000000 0.000000 0.000000 0.000000 0.000000 0.000000 
0.000000  2.000000 1.515138 5.000000 0.000000 0.000000 0.000000 0.000000 0.000000 0.000000 
2.000000  1.515138 0.043259 5.000000 0.000000 0.000000 0.000000 0.000000 0.000000 0.000000 
1.515138  0.043259 3.132622 5.000000 0.000000 0.000000 0.000000 0.000000 0.000000 0.000000 
0.043259  3.132622 0.000000 5.000000 0.000000 0.000000 0.000000 0.000000 0.000000 0.000000 
1.511734  0.000000 3.000000 2.666667 0.000000 0.000000 0.000000 0.000000 0.000000 0.000000 
0.000000  3.000000 1.511734 2.666667 0.000000 0.000000 0.000000 0.000000 0.000000 0.000000 
3.000000  1.511734 -0.006487 2.666667 0.000000 0.000000 0.000000 0.000000 0.000000 0.000000 
1.461866  0.000000 1.000000 2.666667 0.000000 0.000000 0.000000 0.000000 0.000000 0.000000 
0.000000  1.000000 1.461866 2.666667 0.000000 0.000000 0.000000 0.000000 0.000000 0.000000 
1.000000  1.461866 -0.138918 2.666667 0.000000 0.000000 0.000000 0.000000 0.000000 0.000000 
1.426953  0.000000 1.000000 2.666667 0.000000 0.000000 0.000000 0.000000 0.000000 0.000000 
0.000000  1.000000 1.426953 2.666667 0.000000 0.000000 0.000000 0.000000 0.000000 0.000000 
1.000000  1.426953 -0.164069 2.666667 0.000000 0.000000 0.000000 0.000000 0.000000 0.000000 
1.431279  0.000000 3.000000 2.666667 0.000000 0.000000 0.000000 0.000000 0.000000 0.000000 
0.000000  3.000000 1.431279 2.666667 0.000000 0.000000 0.000000 0.000000 0.000000 0.000000 
3.000000  1.431279 -0.018609 2.666667 0.000000 0.000000 0.000000 0.000000 0.000000 0.000000 
1.394456  0.000000 3.000000 2.666667 0.000000 0.000000 0.000000 0.000000 0.000000 0.000000 
0.000000  3.000000 1.394456 2.666667 0.000000 0.000000 0.000000 0.000000 0.000000 0.000000 
3.000000  1.394456 -0.030348 2.666667 0.000000 0.000000 0.000000 0.000000 0.000000 0.000000 
1.364916  0.000000 3.000000 2.666667 0.000000 0.000000 0.000000 0.000000 0.000000 0.000000 
0.000000  3.000000 1.364916 2.666667 0.000000 0.000000 0.000000 0.000000 0.000000 0.000000 
3.000000  1.364916 -0.027456 2.666667 0.000000 0.000000 0.000000 0.000000 0.000000 0.000000 
1.343925  0.000000 3.000000 2.666667 0.000000 0.000000 0.000000 0.000000 0.000000 0.000000 
0.000000  3.000000 1.343925 2.666667 0.000000 0.000000 0.000000 0.000000 0.000000 0.000000 
3.000000  1.343925 -0.014254 2.666667 0.000000 0.000000 0.000000 0.000000 0.000000 0.000000 
1.316775  0.000000 3.000000 2.666667 0.000000 0.000000 0.000000 0.000000 0.000000 0.000000 
0.000000  3.000000 1.316775 2.666667 0.000000 0.000000 0.000000 0.000000 0.000000 0.000000 
3.000000  1.316775 0.000015 2.666667 0.000000 0.000000 0.000000 0.000000 0.000000 0.000000 
1.281282  0.000000 3.000000 1.000000 0.000000 0.000000 0.000000 0.000000 0.000000 0.000000 
1.269958  0.000000 3.000000 1.000000 0.000000 0.000000 0.000000 0.000000 0.000000 0.000000 
1.247284  0.000000 3.000000 1.000000 0.000000 0.000000 0.000000 0.000000 0.000000 0.000000 
1.220110  0.000000 3.000000 1.000000 0.000000 0.000000 0.000000 0.000000 0.000000 0.000000 
1.203726  0.000000 3.000000 1.000000 0.000000 0.000000 0.000000 0.000000 0.000000 0.000000 
1.178577  0.000000 3.000000 1.000000 0.000000 0.000000 0.000000 0.000000 0.000000 0.000000 
1.151137  0.000000 3.000000 1.000000 0.000000 0.000000 0.000000 0.000000 0.000000 0.000000 
1.125481  0.000000 3.000000 1.000000 0.000000 0.000000 0.000000 0.000000 0.000000 0.000000 
1.106508  0.000000 3.000000 1.000000 0.000000 0.000000 0.000000 0.000000 0.000000 0.000000 
1.079737  0.000000 3.000000 1.000000 0.000000 0.000000 0.000000 0.000000 0.000000 0.000000 
0.000000  0.000000 0.000000 1.000000 0.000000 0.000000 0.000000 0.000000 0.000000 0.000000 
0.000000  0.000000 0.000000 1.000000 0.000000 0.000000 0.000000 0.000000 0.000000 0.000000 
0.000000  0.000000 0.000000 1.000000 0.000000 0.000000 0.000000 0.000000 0.000000 0.000000 
0.000000  0.000000 0.000000 1.000000 0.000000 0.000000 0.000000 0.000000 0.000000 0.000000 
0.000000  0.000000 0.000000 1.000000 0.000000 0.000000 0.000000 0.000000 0.000000 0.000000 
1.693391  0.000000 4.000000 1.000000 0.000000 0.000000 0.000000 0.000000 0.000000 0.000000 
