2.000000  0.000000 14.117552 12.228458 0.000000 0.000000 -0.000000 0.000000 3.141593 1.000000 
2.000000  0.000000 14.117552 12.228458 0.000000 0.000000 -0.000000 0.000000 3.141593 2.000000 
1.980651  -0.000501 13.818499 12.527510 1.365339 0.955737 5.000000 5.000000 3.193351 3.000000 
1.957908  -0.001679 13.756037 12.589973 1.365339 1.365339 7.000000 5.000000 3.193351 4.000000 
1.936312  -0.002985 13.602442 12.743567 1.365339 1.228805 8.000000 7.000000 3.210604 5.000000 
1.913592  -0.004555 13.524991 12.821018 1.365339 1.365339 8.000000 7.000000 3.210604 6.000000 
1.888601  -0.006283 13.432265 12.913745 1.501872 1.501872 8.000000 -7.000000 3.210604 7.000000 
1.862490  -0.008314 13.231579 13.114431 1.638406 1.501872 8.000000 7.000000 3.227857 8.000000 
1.836418  -0.010795 13.014037 13.331973 1.638406 1.501872 8.000000 7.000000 3.245110 9.000000 
1.810393  -0.013726 12.778492 13.567518 1.638406 1.501872 8.000000 9.000000 3.262363 10.000000 
1.782105  -0.016912 12.709200 13.636810 1.638406 1.774940 8.000000 7.000000 3.245110 11.000000 
1.753766  -0.019609 12.631283 13.714726 1.638406 1.774940 7.000000 8.000000 3.227857 12.000000 
1.726539  -0.021964 12.446521 13.899488 1.638406 1.638406 7.000000 8.000000 3.227857 13.000000 
1.698200  -0.024661 12.127832 14.218177 1.774940 1.638406 7.000000 8.000000 3.245110 14.000000 
1.673243  -0.026819 12.137247 14.208762 1.365339 1.638406 8.000000 9.000000 3.210604 15.000000 
1.647102  -0.028400 12.022673 14.323337 1.501872 1.638406 8.000000 10.000000 3.193351 16.000000 
1.620923  -0.029077 12.126349 14.219660 1.365339 1.774940 8.000000 9.000000 3.141593 17.000000 
1.591323  -0.028566 12.085079 14.260930 1.638406 1.911474 8.000000 9.000000 3.107087 18.000000 
1.564065  -0.026682 12.306446 14.039563 1.365339 1.911474 8.000000 9.000000 3.038075 19.000000 
1.536937  -0.023390 12.291949 14.054060 1.501872 1.774940 8.000000 9.000000 3.003569 20.000000 
1.508854  -0.018746 12.393629 13.952381 1.501872 1.911474 8.000000 8.000000 2.951811 21.000000 
1.479882  -0.012660 12.352505 13.993504 1.638406 1.911474 7.000000 8.000000 2.917305 22.000000 
1.452184  -0.006089 12.169547 14.176462 1.638406 1.774940 8.000000 8.000000 2.900052 23.000000 
1.425648  0.000448 11.823222 14.522787 1.638406 1.638406 8.000000 9.000000 2.900052 24.000000 
1.398196  0.007969 11.874999 14.471010 1.501872 1.911474 8.000000 9.000000 2.848293 25.000000 
1.370172  0.017499 12.075723 14.270286 1.501872 2.048008 7.000000 8.000000 2.779281 26.000000 
1.345933  0.027411 12.184691 14.161319 1.365339 1.774940 8.000000 9.000000 2.727523 27.000000 
1.319262  0.040248 12.432979 13.913030 1.501872 2.048008 8.000000 8.000000 2.658511 28.000000 
1.294405  0.054118 12.548327 13.797682 1.501872 1.911474 7.000000 9.000000 2.606752 29.000000 
1.271138  0.068451 12.495687 13.850322 1.501872 1.774940 8.000000 8.000000 2.572246 30.000000 
1.249455  0.083133 12.658246 13.687763 1.365339 1.774940 8.000000 8.000000 2.520488 31.000000 
1.227509  0.099417 12.599067 13.746943 1.501872 1.774940 8.000000 8.000000 2.485982 32.000000 
1.206888  0.115562 12.301363 14.044646 1.501872 1.638406 8.000000 9.000000 2.468729 33.000000 
1.186548  0.132060 11.926964 14.419045 1.501872 1.638406 8.000000 9.000000 2.451476 34.000000 
1.165777  0.149818 11.690607 14.655402 1.501872 1.774940 8.000000 9.000000 2.416970 35.000000 
1.146318  0.167347 11.127553 15.218456 1.501872 1.638406 7.000000 10.000000 2.399717 36.000000 
1.126824  0.186492 11.299394 15.046615 1.365339 1.911474 7.000000 9.000000 2.330706 37.000000 
1.108697  0.206936 11.520030 14.825980 1.365339 1.911474 7.000000 9.000000 2.261694 38.000000 
1.092538  0.227543 11.480278 14.865731 1.365339 1.774940 7.000000 10.000000 2.209935 39.000000 
1.075755  0.250536 10.442923 15.903087 1.638406 1.774940 7.000000 10.000000 2.192682 40.000000 
1.059351  0.275175 10.279612 16.066397 1.501872 2.048008 7.000000 8.000000 2.123671 41.000000 
1.045813  0.298909 10.225899 16.120111 1.365339 1.911474 6.000000 10.000000 2.054659 42.000000 
1.033420  0.325782 11.260142 15.085867 1.365339 2.184542 6.000000 11.000000 1.951142 43.000000 
1.024158  0.351487 11.750173 14.595836 1.365339 1.911474 6.000000 11.000000 1.882130 44.000000 
1.016691  0.377770 12.683164 13.662845 1.365339 1.911474 7.000000 11.000000 1.813118 45.000000 
1.011053  0.404506 14.691800 11.654209 1.365339 1.911474 7.000000 9.000000 1.744107 46.000000 
1.007273  0.431566 19.975421 6.370588 1.365339 1.911474 8.000000 8.000000 1.675095 47.000000 
1.004428  0.458746 24.715868 1.630142 1.638406 1.638406 8.000000 7.000000 1.675095 48.000000 
0.999258  0.485547 0.000000 0.000000 2.730677 0.546135 14.000000 2.000000 1.847624 50.000000 
0.999258  0.485547 0.000000 0.000000 -0.682669 0.136534 13.000000 2.000000 1.847624 51.000000 
0.999258  0.485547 0.000000 0.000000 0.000000 0.000000 6.000000 1.000000 1.847624 52.000000 
