1.998061  0.035593 3.146359 0.998061 -0.264407 1.575563 0.000000 0.000000 0.000000 0.000000 
1.998061  0.035593 3.146359 0.998061 -0.264407 1.575563 0.000000 0.000000 0.000000 0.000000 
1.998061  0.035593 3.146359 0.998061 -0.264407 1.575563 0.000000 0.000000 0.000000 0.000000 
1.998061  0.035593 3.146359 0.998061 -0.264407 1.575563 0.000000 0.000000 0.000000 0.000000 
1.998061  0.035593 3.146359 0.998061 -0.264407 1.575563 0.000000 0.000000 0.000000 0.000000 
1.998061  0.035593 3.146359 0.998061 -0.264407 1.575563 0.000000 0.000000 0.000000 0.000000 
1.998061  0.035593 3.146359 0.998061 -0.264407 1.575563 0.000000 0.000000 0.000000 0.000000 
1.998061  0.035593 3.146359 0.998061 -0.264407 1.575563 0.000000 0.000000 0.000000 0.000000 
1.998061  0.035593 3.146359 0.998061 -0.264407 1.575563 0.000000 0.000000 0.000000 0.000000 
1.998061  0.035593 3.146359 0.998061 -0.264407 1.575563 0.000000 0.000000 0.000000 0.000000 
1.998061  0.035593 3.146359 0.998061 -0.264407 1.575563 0.000000 0.000000 0.000000 0.000000 
1.998061  0.035593 3.146359 0.998061 -0.264407 1.575563 0.000000 0.000000 0.000000 0.000000 
1.979929  0.034887 3.215319 0.979929 -0.265113 1.644523 0.000000 0.000000 0.000000 0.000000 
1.959730  0.032707 3.284207 0.959730 -0.267293 1.713410 0.000000 0.000000 0.000000 0.000000 
1.937639  0.028774 3.352996 0.937639 -0.271226 1.782200 0.000000 0.000000 0.000000 0.000000 
1.916038  0.023374 3.421678 0.916038 -0.276626 1.850882 0.000000 0.000000 0.000000 0.000000 
1.891859  0.015766 3.472952 0.891859 -0.284234 1.902155 0.000000 0.000000 0.000000 0.000000 
1.864385  0.005566 3.523984 0.864385 -0.294434 1.953187 0.000000 0.000000 0.000000 0.000000 
1.839742  -0.004324 3.523589 0.839742 -0.304324 1.952793 0.000000 0.000000 0.000000 0.000000 
1.814813  -0.014535 3.540352 0.814813 -0.314535 1.969555 0.000000 0.000000 0.000000 0.000000 
1.792749  -0.023992 3.557001 0.792749 -0.323992 1.986204 0.000000 0.000000 0.000000 0.000000 
1.769754  -0.034071 3.556386 0.769754 -0.334071 1.985590 0.000000 0.000000 0.000000 0.000000 
1.744342  -0.044599 3.521200 0.744342 -0.344599 1.950404 0.000000 0.000000 0.000000 0.000000 
1.720523  -0.053379 3.485964 0.720523 -0.353379 1.915168 0.000000 0.000000 0.000000 0.000000 
1.696558  -0.061662 3.485223 0.696558 -0.361662 1.914427 0.000000 0.000000 0.000000 0.000000 
1.674156  -0.068917 3.450007 0.674156 -0.368917 1.879211 0.000000 0.000000 0.000000 0.000000 
1.649139  -0.075997 3.414727 0.649139 -0.375997 1.843931 0.000000 0.000000 0.000000 0.000000 
1.623666  -0.082164 3.379381 0.623666 -0.382164 1.808585 0.000000 0.000000 0.000000 0.000000 
1.597755  -0.087397 3.343959 0.597755 -0.387397 1.773163 0.000000 0.000000 0.000000 0.000000 
1.570549  -0.091511 3.291146 0.570549 -0.391511 1.720349 0.000000 0.000000 0.000000 0.000000 
1.545231  -0.093842 3.238275 0.545231 -0.393842 1.667479 0.000000 0.000000 0.000000 0.000000 
1.517336  -0.094891 3.185292 0.517336 -0.394891 1.614495 0.000000 0.000000 0.000000 0.000000 
1.487770  -0.094723 3.149487 0.487770 -0.394723 1.578691 0.000000 0.000000 0.000000 0.000000 
1.456754  -0.093163 3.096322 0.456754 -0.393163 1.525526 0.000000 0.000000 0.000000 0.000000 
1.427146  -0.090514 3.077520 0.427146 -0.390514 1.506724 0.000000 0.000000 0.000000 0.000000 
1.394979  -0.086568 3.024103 0.394979 -0.386568 1.453306 0.000000 0.000000 0.000000 0.000000 
1.368326  -0.081948 2.987861 0.368326 -0.381948 1.417065 0.000000 0.000000 0.000000 0.000000 
1.341481  -0.076356 2.951536 0.341481 -0.376356 1.380740 0.000000 0.000000 0.000000 0.000000 
1.313495  -0.069387 2.897921 0.313495 -0.369387 1.327124 0.000000 0.000000 0.000000 0.000000 
1.281926  -0.060244 2.861439 0.281926 -0.360244 1.290643 0.000000 0.000000 0.000000 0.000000 
1.251500  -0.050067 2.807623 0.251500 -0.350067 1.236826 0.000000 0.000000 0.000000 0.000000 
1.221815  -0.037983 2.719345 0.221815 -0.337983 1.148549 0.000000 0.000000 0.000000 0.000000 
1.193799  -0.024347 2.648322 0.193799 -0.324347 1.077526 0.000000 0.000000 0.000000 0.000000 
1.170854  -0.011073 2.579818 0.170854 -0.311073 1.009022 0.000000 0.000000 0.000000 0.000000 
1.146818  0.007749 2.491464 0.146818 -0.292251 0.920668 0.000000 0.000000 0.000000 0.000000 
1.124709  0.027729 2.420301 0.124709 -0.272271 0.849505 0.000000 0.000000 0.000000 0.000000 
1.103512  0.049178 2.349108 0.103512 -0.250822 0.778312 0.000000 0.000000 0.000000 0.000000 
1.084725  0.071432 2.226241 0.084725 -0.228568 0.655445 0.000000 0.000000 0.000000 0.000000 
1.068711  0.092857 2.157759 0.068711 -0.207143 0.586962 0.000000 0.000000 0.000000 0.000000 
1.055067  0.112983 2.123862 0.055067 -0.187017 0.553066 0.000000 0.000000 0.000000 0.000000 
1.041370  0.135570 2.055560 0.041370 -0.164430 0.484763 0.000000 0.000000 0.000000 0.000000 
1.028599  0.159707 2.004634 0.028599 -0.140293 0.433838 0.000000 0.000000 0.000000 0.000000 
1.017566  0.184368 1.919359 0.017566 -0.115632 0.348563 0.000000 0.000000 0.000000 0.000000 
0.000000  0.000000 0.000000 0.000000 0.000000 0.000000 0.000000 0.000000 0.000000 0.000000 
0.000000  0.000000 0.000000 0.000000 0.000000 0.000000 0.000000 0.000000 0.000000 0.000000 
1.003660  0.265688 1.522579 0.003660 -0.034312 -0.048218 0.000000 0.000000 0.000000 0.000000 
