1.998061  0.035593 0.000000 0.000000 0.000000 0.000000 0.000000 0.000000 3.146359 1.000000 
1.998061  0.035593 0.000000 0.000000 0.000000 0.000000 0.000000 0.000000 3.146359 2.000000 
1.998061  0.035593 0.000000 0.000000 0.000000 0.000000 0.000000 0.000000 3.146359 3.000000 
1.998061  0.035593 0.000000 0.000000 0.000000 0.000000 0.000000 0.000000 3.146359 4.000000 
1.998061  0.035593 0.000000 0.000000 0.000000 0.000000 0.000000 0.000000 3.146359 5.000000 
1.998061  0.035593 0.000000 0.000000 0.000000 0.000000 0.000000 0.000000 3.146359 6.000000 
1.998061  0.035593 0.000000 0.000000 0.000000 0.000000 0.000000 0.000000 3.146359 7.000000 
1.998061  0.035593 0.000000 0.000000 0.000000 0.000000 0.000000 0.000000 3.146359 8.000000 
1.998061  0.035593 0.000000 0.000000 0.000000 0.000000 0.000000 0.000000 3.146359 9.000000 
1.998061  0.035593 0.000000 0.000000 0.000000 0.000000 0.000000 0.000000 3.146359 10.000000 
1.998061  0.035593 15.633638 10.712371 0.000000 0.000000 0.000000 0.000000 3.146359 11.000000 
1.998061  0.035593 15.633638 10.712371 0.000000 0.000000 0.000000 0.000000 3.146359 12.000000 
1.979929  0.034887 15.266096 11.079913 1.365339 0.819203 6.000000 4.000000 3.215319 13.000000 
1.959730  0.032707 14.875201 11.470808 1.501872 0.955737 7.000000 5.000000 3.284207 14.000000 
1.937639  0.028774 14.455126 11.890883 1.638406 1.092271 8.000000 6.000000 3.352996 15.000000 
1.916038  0.023374 14.007015 12.338994 1.638406 1.092271 8.000000 7.000000 3.421678 16.000000 
1.891859  0.015766 13.616362 12.729647 1.774940 1.365339 8.000000 6.000000 3.472952 17.000000 
1.864385  0.005566 13.176155 13.169854 2.048008 1.638406 7.000000 6.000000 3.523984 18.000000 
1.839742  -0.004324 13.022166 13.323844 1.638406 1.638406 8.000000 6.000000 3.523589 19.000000 
1.814813  -0.014535 12.746494 13.599515 1.774940 1.638406 8.000000 8.000000 3.540352 20.000000 
1.792749  -0.023992 12.470620 13.875389 1.638406 1.501872 8.000000 9.000000 3.557001 21.000000 
1.769754  -0.034071 12.273296 14.072713 1.638406 1.638406 8.000000 9.000000 3.556386 22.000000 
1.744342  -0.044599 12.259734 14.086275 1.638406 1.911474 7.000000 7.000000 3.521200 23.000000 
1.720523  -0.053379 12.261780 14.084229 1.501872 1.774940 8.000000 9.000000 3.485964 24.000000 
1.696558  -0.061662 12.028343 14.317667 1.638406 1.638406 7.000000 10.000000 3.485223 25.000000 
1.674156  -0.068917 12.029815 14.316194 1.365339 1.638406 8.000000 10.000000 3.450007 26.000000 
1.649139  -0.075997 12.002622 14.343388 1.501872 1.774940 8.000000 9.000000 3.414727 27.000000 
1.623666  -0.082164 11.967442 14.378567 1.501872 1.774940 8.000000 9.000000 3.379381 28.000000 
1.597755  -0.087397 11.922893 14.423116 1.501872 1.774940 8.000000 9.000000 3.343959 29.000000 
1.570549  -0.091511 11.992416 14.353593 1.501872 1.911474 7.000000 9.000000 3.291146 30.000000 
1.545231  -0.093842 12.093442 14.252568 1.365339 1.774940 8.000000 9.000000 3.238275 31.000000 
1.517336  -0.094891 12.169562 14.176447 1.501872 1.911474 7.000000 9.000000 3.185292 32.000000 
1.487770  -0.094723 12.074065 14.271944 1.638406 1.911474 7.000000 9.000000 3.149487 33.000000 
1.456754  -0.093163 12.093980 14.252029 1.638406 2.048008 7.000000 8.000000 3.096322 34.000000 
1.427146  -0.090514 11.798173 14.547836 1.638406 1.774940 7.000000 9.000000 3.077520 35.000000 
1.394979  -0.086568 11.743822 14.602187 1.638406 2.048008 7.000000 8.000000 3.024103 36.000000 
1.368326  -0.081948 11.595496 14.750513 1.365339 1.638406 7.000000 10.000000 2.987861 37.000000 
1.341481  -0.076356 11.404621 14.941388 1.365339 1.638406 7.000000 10.000000 2.951536 38.000000 
1.313495  -0.069387 11.333528 15.012481 1.365339 1.774940 7.000000 9.000000 2.897921 39.000000 
1.281926  -0.060244 10.900915 15.445094 1.638406 1.911474 6.000000 8.000000 2.861439 40.000000 
1.251500  -0.050067 10.602570 15.743440 1.501872 1.911474 7.000000 9.000000 2.807623 41.000000 
1.221815  -0.037983 10.704506 15.641503 1.365339 2.048008 6.000000 9.000000 2.719345 42.000000 
1.193799  -0.024347 10.559909 15.786100 1.365339 1.911474 6.000000 10.000000 2.648322 43.000000 
1.170854  -0.011073 10.528636 15.817373 1.365339 1.911474 7.000000 10.000000 2.579818 44.000000 
1.146818  0.007749 10.785904 15.560105 1.365339 2.048008 6.000000 9.000000 2.491464 45.000000 
1.124709  0.027729 10.782204 15.563806 1.365339 1.911474 6.000000 10.000000 2.420301 46.000000 
1.103512  0.049178 10.693807 15.652202 1.365339 1.911474 6.000000 10.000000 2.349108 47.000000 
1.084725  0.071432 11.904472 14.441537 1.092271 2.048008 7.000000 9.000000 2.226241 48.000000 
1.068711  0.092857 12.033246 14.312763 1.365339 1.911474 6.000000 10.000000 2.157759 49.000000 
1.055067  0.112983 11.183141 15.162869 1.365339 1.638406 7.000000 10.000000 2.123862 50.000000 
1.041370  0.135570 10.908576 15.437433 1.365339 1.911474 8.000000 9.000000 2.055560 51.000000 
1.028599  0.159707 9.385055 16.960954 1.501872 1.911474 7.000000 9.000000 2.004634 52.000000 
1.017566  0.184368 8.493780 17.852229 1.365339 2.048008 6.000000 9.000000 1.919359 53.000000 
1.009693  0.209338 7.862492 18.483518 1.228805 1.911474 6.000000 11.000000 1.833095 54.000000 
1.004448  0.236136 12.688055 13.657955 1.092271 2.184542 5.000000 10.000000 1.695071 55.000000 
1.003660  0.265688 0.000000 0.000000 1.365339 2.048008 7.000000 8.000000 1.522579 57.000000 
1.003660  0.265688 0.000000 0.000000 -0.273068 0.409602 -4.000000 4.000000 1.522579 58.000000 
1.003660  0.265688 0.000000 0.000000 0.136534 0.819203 1.000000 1.000000 1.522579 59.000000 
1.003660  0.265688 0.000000 0.000000 0.546135 0.000000 -1.000000 4.000000 1.522579 60.000000 
1.003660  0.265688 0.000000 0.000000 0.000000 1.092271 0.000000 -2.000000 1.522579 61.000000 
1.003660  0.265688 0.000000 0.000000 0.000000 0.000000 0.000000 2.000000 1.522579 62.000000 
