2.058989  -0.049919 2.000000 3.000000 1.998061 0.035593 3.146359 0.000000 0.000000 0.000000 
1.996166  0.090773 1.000000 3.000000 1.998061 0.035593 3.146359 0.000000 0.000000 0.000000 
2.045042  -0.026554 3.000000 3.000000 1.998061 0.035593 3.146359 0.000000 0.000000 0.000000 
2.060954  -0.008000 3.000000 3.000000 0.000000 0.000000 0.000000 0.000000 0.000000 0.000000 
2.008983  0.078815 1.000000 3.000000 0.000000 0.000000 0.000000 0.000000 0.000000 0.000000 
2.073169  -0.067202 2.000000 3.000000 0.000000 0.000000 0.000000 0.000000 0.000000 0.000000 
2.008703  0.080904 1.000000 3.000000 0.000000 0.000000 0.000000 0.000000 0.000000 0.000000 
2.075031  -0.069875 2.000000 3.000000 0.000000 0.000000 0.000000 0.000000 0.000000 0.000000 
2.061728  -0.006569 3.000000 3.000000 0.000000 0.000000 0.000000 0.000000 0.000000 0.000000 
2.009855  0.076563 1.000000 3.000000 0.000000 0.000000 0.000000 0.000000 0.000000 0.000000 
2.075233  -0.071677 2.000000 3.000000 0.000000 0.000000 0.000000 0.000000 0.000000 0.000000 
2.062361  -0.005629 3.000000 3.000000 0.000000 0.000000 0.000000 0.000000 0.000000 0.000000 
2.009674  0.074159 1.000000 3.000000 0.000000 0.000000 0.000000 0.000000 0.000000 0.000000 
2.074700  -0.073252 2.000000 3.000000 0.000000 0.000000 0.000000 0.000000 0.000000 0.000000 
2.063524  -0.003306 3.000000 3.000000 0.000000 0.000000 0.000000 0.000000 0.000000 0.000000 
1.979779  -0.069376 1.000000 3.000000 0.000000 0.000000 0.000000 0.000000 0.000000 0.000000 
2.054701  -0.006476 3.000000 3.000000 0.000000 0.000000 0.000000 0.000000 0.000000 0.000000 
2.069076  -0.079403 2.000000 3.000000 0.000000 0.000000 0.000000 0.000000 0.000000 0.000000 
2.055941  -0.038507 2.000000 3.000000 0.000000 0.000000 0.000000 0.000000 0.000000 0.000000 
1.981817  -0.064490 1.000000 3.000000 0.000000 0.000000 0.000000 0.000000 0.000000 0.000000 
2.060053  0.000721 3.000000 3.000000 0.000000 0.000000 0.000000 0.000000 0.000000 0.000000 
2.053219  -0.035848 2.000000 3.000000 0.000000 0.000000 0.000000 0.000000 0.000000 0.000000 
2.060258  0.002111 3.000000 3.000000 0.000000 0.000000 0.000000 0.000000 0.000000 0.000000 
1.981793  -0.060833 1.000000 3.000000 0.000000 0.000000 0.000000 0.000000 0.000000 0.000000 
2.062180  0.011048 3.000000 3.000000 0.000000 0.000000 0.000000 0.000000 0.000000 0.000000 
2.053872  -0.037562 2.000000 3.000000 0.000000 0.000000 0.000000 0.000000 0.000000 0.000000 
2.000533  0.058802 1.000000 3.000000 0.000000 0.000000 0.000000 0.000000 0.000000 0.000000 
2.066353  -0.070622 2.000000 3.000000 0.000000 0.000000 0.000000 0.000000 0.000000 0.000000 
1.980507  0.053343 1.000000 3.000000 0.000000 0.000000 0.000000 0.000000 0.000000 0.000000 
2.044259  0.010049 3.000000 3.000000 0.000000 0.000000 0.000000 0.000000 0.000000 0.000000 
2.052314  -0.034491 2.000000 3.000000 0.000000 0.000000 0.000000 0.000000 0.000000 0.000000 
1.986267  -0.029838 1.000000 3.000000 0.000000 0.000000 0.000000 0.000000 0.000000 0.000000 
2.044307  0.009668 3.000000 3.000000 0.000000 0.000000 0.000000 0.000000 0.000000 0.000000 
1.986654  -0.051863 1.000000 3.000000 0.000000 0.000000 0.000000 0.000000 0.000000 0.000000 
2.045355  0.004790 3.000000 3.000000 0.000000 0.000000 0.000000 0.000000 0.000000 0.000000 
2.060687  -0.050554 2.000000 3.000000 0.000000 0.000000 0.000000 0.000000 0.000000 0.000000 
1.985119  -0.032395 1.000000 3.000000 0.000000 0.000000 0.000000 0.000000 0.000000 0.000000 
2.057439  -0.046329 2.000000 3.000000 0.000000 0.000000 0.000000 0.000000 0.000000 0.000000 
2.046825  0.004542 3.000000 3.000000 0.000000 0.000000 0.000000 0.000000 0.000000 0.000000 
2.051032  0.014633 3.000000 3.000000 0.000000 0.000000 0.000000 0.000000 0.000000 0.000000 
2.054300  -0.040150 2.000000 3.000000 0.000000 0.000000 0.000000 0.000000 0.000000 0.000000 
1.978501  -0.004039 1.000000 3.000000 0.000000 0.000000 0.000000 0.000000 0.000000 0.000000 
2.053383  -0.038944 2.000000 3.000000 0.000000 0.000000 0.000000 0.000000 0.000000 0.000000 
1.979149  0.008387 1.000000 3.000000 0.000000 0.000000 0.000000 0.000000 0.000000 0.000000 
2.054380  0.020349 3.000000 3.000000 0.000000 0.000000 0.000000 0.000000 0.000000 0.000000 
2.054337  -0.036357 2.000000 3.000000 0.000000 0.000000 0.000000 0.000000 0.000000 0.000000 
2.052462  0.020132 3.000000 3.000000 0.000000 0.000000 0.000000 0.000000 0.000000 0.000000 
1.977417  0.007501 1.000000 3.000000 0.000000 0.000000 0.000000 0.000000 0.000000 0.000000 
1.989891  -0.028774 1.000000 3.000000 0.000000 0.000000 0.000000 0.000000 0.000000 0.000000 
2.041758  0.003112 3.000000 3.000000 0.000000 0.000000 0.000000 0.000000 0.000000 0.000000 
2.057988  -0.040596 2.000000 3.000000 0.000000 0.000000 0.000000 0.000000 0.000000 0.000000 
2.061464  0.017729 2.000000 3.000000 0.000000 0.000000 0.000000 0.000000 0.000000 0.000000 
2.042577  -0.001417 3.000000 3.000000 0.000000 0.000000 0.000000 0.000000 0.000000 0.000000 
1.989631  -0.085234 1.000000 3.000000 0.000000 0.000000 0.000000 0.000000 0.000000 0.000000 
2.012725  0.051396 3.000000 3.000000 0.000000 0.000000 0.000000 0.000000 0.000000 0.000000 
1.947501  0.058936 1.000000 3.000000 0.000000 0.000000 0.000000 0.000000 0.000000 0.000000 
2.045871  0.085611 2.000000 3.000000 0.000000 0.000000 0.000000 0.000000 0.000000 0.000000 
1.923821  0.243923 1.000000 2.000000 0.000000 0.000000 0.000000 0.000000 0.000000 0.000000 
2.031168  0.154212 2.000000 2.000000 0.000000 0.000000 0.000000 0.000000 0.000000 0.000000 
1.999176  0.210860 2.000000 2.000000 0.000000 0.000000 0.000000 0.000000 0.000000 0.000000 
1.892019  0.200863 1.000000 2.000000 0.000000 0.000000 0.000000 0.000000 0.000000 0.000000 
1.857663  0.224501 1.000000 2.000000 0.000000 0.000000 0.000000 0.000000 0.000000 0.000000 
1.969230  0.237132 2.000000 2.000000 0.000000 0.000000 0.000000 0.000000 0.000000 0.000000 
1.940584  0.310005 2.000000 2.000000 0.000000 0.000000 0.000000 0.000000 0.000000 0.000000 
1.847249  0.239941 1.000000 2.000000 0.000000 0.000000 0.000000 0.000000 0.000000 0.000000 
1.825993  0.208373 1.000000 2.000000 0.000000 0.000000 0.000000 0.000000 0.000000 0.000000 
1.914850  0.320781 2.000000 2.000000 0.000000 0.000000 0.000000 0.000000 0.000000 0.000000 
1.809706  0.202072 1.000000 2.000000 0.000000 0.000000 0.000000 0.000000 0.000000 0.000000 
1.895859  0.309994 2.000000 2.000000 0.000000 0.000000 0.000000 0.000000 0.000000 0.000000 
1.865523  0.297475 2.000000 1.000000 0.000000 0.000000 0.000000 0.000000 0.000000 0.000000 
1.840545  0.308696 2.000000 1.000000 0.000000 0.000000 0.000000 0.000000 0.000000 0.000000 
1.804896  0.294922 2.000000 1.000000 0.000000 0.000000 0.000000 0.000000 0.000000 0.000000 
1.770353  0.327307 2.000000 1.000000 0.000000 0.000000 0.000000 0.000000 0.000000 0.000000 
1.742701  0.290520 2.000000 2.000000 0.000000 0.000000 0.000000 0.000000 0.000000 0.000000 
1.657956  0.221789 1.000000 2.000000 0.000000 0.000000 0.000000 0.000000 0.000000 0.000000 
1.730143  0.258947 2.000000 2.000000 0.000000 0.000000 0.000000 0.000000 0.000000 0.000000 
1.647600  0.199871 1.000000 2.000000 0.000000 0.000000 0.000000 0.000000 0.000000 0.000000 
1.630327  0.384743 1.000000 2.000000 0.000000 0.000000 0.000000 0.000000 0.000000 0.000000 
1.696257  0.248233 2.000000 2.000000 0.000000 0.000000 0.000000 0.000000 0.000000 0.000000 
1.592655  0.166828 1.000000 2.000000 0.000000 0.000000 0.000000 0.000000 0.000000 0.000000 
1.665990  0.251263 2.000000 2.000000 0.000000 0.000000 0.000000 0.000000 0.000000 0.000000 
1.635376  0.216954 2.000000 2.000000 0.000000 0.000000 0.000000 0.000000 0.000000 0.000000 
1.567497  0.191581 1.000000 2.000000 0.000000 0.000000 0.000000 0.000000 0.000000 0.000000 
1.610021  0.188216 2.000000 2.000000 0.000000 0.000000 0.000000 0.000000 0.000000 0.000000 
1.548595  0.186048 1.000000 2.000000 0.000000 0.000000 0.000000 0.000000 0.000000 0.000000 
1.512479  0.156229 1.000000 2.000000 0.000000 0.000000 0.000000 0.000000 0.000000 0.000000 
1.584505  0.167384 2.000000 2.000000 0.000000 0.000000 0.000000 0.000000 0.000000 0.000000 
1.553125  0.124989 2.000000 2.000000 0.000000 0.000000 0.000000 0.000000 0.000000 0.000000 
1.507278  0.160665 1.000000 2.000000 0.000000 0.000000 0.000000 0.000000 0.000000 0.000000 
1.477399  0.166175 1.000000 2.000000 0.000000 0.000000 0.000000 0.000000 0.000000 0.000000 
1.525723  0.078531 2.000000 2.000000 0.000000 0.000000 0.000000 0.000000 0.000000 0.000000 
1.496594  0.013856 2.000000 2.000000 0.000000 0.000000 0.000000 0.000000 0.000000 0.000000 
1.457117  0.069586 1.000000 2.000000 0.000000 0.000000 0.000000 0.000000 0.000000 0.000000 
1.467371  -0.016175 2.000000 2.000000 0.000000 0.000000 0.000000 0.000000 0.000000 0.000000 
1.428608  -0.000810 1.000000 2.000000 0.000000 0.000000 0.000000 0.000000 0.000000 0.000000 
1.445648  -0.020414 2.000000 2.000000 0.000000 0.000000 0.000000 0.000000 0.000000 0.000000 
1.409321  -0.058283 1.000000 2.000000 0.000000 0.000000 0.000000 0.000000 0.000000 0.000000 
1.382666  -0.099827 1.000000 3.000000 0.000000 0.000000 0.000000 0.000000 0.000000 0.000000 
1.418763  -0.030734 2.000000 3.000000 0.000000 0.000000 0.000000 0.000000 0.000000 0.000000 
1.511471  -0.109225 3.000000 3.000000 0.000000 0.000000 0.000000 0.000000 0.000000 0.000000 
1.481872  -0.144988 3.000000 3.000000 0.000000 0.000000 0.000000 0.000000 0.000000 0.000000 
1.390633  -0.073558 2.000000 3.000000 0.000000 0.000000 0.000000 0.000000 0.000000 0.000000 
1.351397  -0.142831 1.000000 3.000000 0.000000 0.000000 0.000000 0.000000 0.000000 0.000000 
1.460520  -0.168950 3.000000 2.000000 0.000000 0.000000 0.000000 0.000000 0.000000 0.000000 
1.324789  -0.181066 1.000000 2.000000 0.000000 0.000000 0.000000 0.000000 0.000000 0.000000 
1.428553  -0.223528 3.000000 2.000000 0.000000 0.000000 0.000000 0.000000 0.000000 0.000000 
1.285732  -0.236226 1.000000 2.000000 0.000000 0.000000 0.000000 0.000000 0.000000 0.000000 
1.258788  -0.273049 1.000000 2.000000 0.000000 0.000000 0.000000 0.000000 0.000000 0.000000 
1.407286  -0.260911 3.000000 2.000000 0.000000 0.000000 0.000000 0.000000 0.000000 0.000000 
1.375924  -0.358419 3.000000 2.000000 0.000000 0.000000 0.000000 0.000000 0.000000 0.000000 
1.227416  -0.329137 1.000000 2.000000 0.000000 0.000000 0.000000 0.000000 0.000000 0.000000 
1.206935  -0.450743 1.000000 2.000000 0.000000 0.000000 0.000000 0.000000 0.000000 0.000000 
1.350608  -0.445949 3.000000 2.000000 0.000000 0.000000 0.000000 0.000000 0.000000 0.000000 
1.325357  -0.513003 3.000000 1.000000 0.000000 0.000000 0.000000 0.000000 0.000000 0.000000 
1.297274  -0.575142 3.000000 1.000000 0.000000 0.000000 0.000000 0.000000 0.000000 0.000000 
1.273273  -0.622517 3.000000 1.000000 0.000000 0.000000 0.000000 0.000000 0.000000 0.000000 
1.246886  -0.696579 3.000000 1.000000 0.000000 0.000000 0.000000 0.000000 0.000000 0.000000 
1.221758  -0.782981 3.000000 1.000000 0.000000 0.000000 0.000000 0.000000 0.000000 0.000000 
0.000000  0.000000 0.000000 1.000000 0.000000 0.000000 0.000000 0.000000 0.000000 0.000000 
0.000000  0.000000 0.000000 1.000000 0.000000 0.000000 0.000000 0.000000 0.000000 0.000000 
1.975545  0.516448 4.000000 1.000000 0.000000 0.000000 0.000000 0.000000 0.000000 0.000000 
